0 0.334829 0.562162 0.0187602 0.205405 0.489371
2 0.689233 0.543243 0.133768 0.210811 0.494386
2 0.893148 0.55 0.156607 0.127027 0.505005
2 0.980016 0.567568 0.0399674 0.113514 0.561202
0 0.306688 0.560811 0.0179445 0.17027 0.645257
0 0.488173 0.574324 0.0220228 0.240541 0.693752
2 0.442088 0.508108 0.0309951 0.0756757 0.695945
0 0.267537 0.555405 0.0179445 0.186486 0.708
0 0.795677 0.754054 0.0644372 0.491892 0.723164
0 0.767537 0.674324 0.0489396 0.532432 0.776867
0 0.411909 0.598649 0.0375204 0.256757 0.800168
0 0.525693 0.605405 0.0448613 0.291892 0.869772
