     0/599     1.77G   0.07435   0.04093   0.01543    0.1307        73       640    0.7661    0.3945    0.4466    0.1907   0.04835   0.05104  0.006965
     1/599     1.77G   0.05732   0.03392  0.006467   0.09771       103       640    0.5488    0.6107    0.5835     0.272   0.04547   0.04831  0.005295
     2/599     1.77G   0.05278   0.03257  0.005043   0.09038        49       640    0.7773    0.6108    0.6986    0.3512   0.04332   0.04652   0.00434
     3/599     1.67G   0.04646   0.03171   0.00419   0.08236        73       640    0.7484    0.6899    0.7499    0.3977   0.03687   0.04416   0.00343
     4/599     1.67G   0.04206   0.03071  0.003463   0.07624       103       640    0.8605    0.6739    0.7831    0.4214   0.03534   0.04327  0.003032
     5/599     1.67G   0.03934   0.02932  0.002845    0.0715        49       640    0.8508    0.7053    0.8014    0.4472   0.03388   0.04197   0.00262
     6/599     1.67G   0.03835   0.02961  0.002761   0.07071        94       640     0.837    0.7019    0.8057    0.4508   0.03255   0.04102  0.002504
     7/599     1.67G   0.03732    0.0287  0.002631   0.06865        88       640    0.8467    0.7524    0.8193    0.4583   0.03208   0.04045  0.002241
     8/599     1.67G   0.03632   0.02829  0.002422   0.06703        98       640    0.8624    0.7394    0.8186    0.4667   0.03184   0.04055  0.002314
     9/599     1.67G   0.03548    0.0279  0.002268   0.06565        67       640    0.8618    0.7547    0.8275    0.4712   0.03121   0.03994  0.002211
    10/599     1.67G   0.03514   0.02767  0.002082    0.0649        86       640    0.8442    0.7384    0.8328    0.4879   0.03077   0.03872  0.002112
    11/599     1.67G   0.03479   0.02724  0.002024   0.06405        71       640     0.881    0.7767    0.8538    0.4902    0.0304   0.03846  0.001951
    12/599     1.67G   0.03407   0.02731  0.002025   0.06341        84       640    0.8658    0.7683    0.8514     0.502   0.03003   0.03846   0.00188
    13/599     1.67G   0.03375   0.02691  0.001821   0.06248        75       640    0.9046    0.7512    0.8564    0.5009   0.02995   0.03775  0.001786
    14/599     1.67G   0.03327   0.02652  0.001746   0.06154        57       640    0.8912    0.7777    0.8654     0.511   0.02946   0.03736  0.001692
    15/599     1.67G   0.03326   0.02623  0.001798   0.06129        92       640    0.9125     0.759    0.8702    0.5157   0.02903   0.03706  0.001836
    16/599     1.74G   0.03247   0.02563  0.001562   0.05966        73       640    0.8736    0.8067    0.8726    0.5206   0.02898   0.03682  0.001644
    17/599     1.74G   0.03253   0.02564   0.00158   0.05975       103       640    0.8629    0.8107    0.8724     0.513   0.02922   0.03732  0.001661
    18/599     1.74G   0.03222   0.02517  0.001502   0.05889        49       640    0.9063     0.794    0.8809    0.5299   0.02858   0.03656  0.001679
