0 0.829657 0.627027 0.0808824 0.405405 
0 0.571895 0.509459 0.0130719 0.116216 
2 0.902369 0.547297 0.0792484 0.1 
2 0.855392 0.548649 0.0326797 0.0918919 
2 0.954657 0.551351 0.0514706 0.0972973 
2 0.504085 0.506757 0.0310458 0.0837838 
0 0.282271 0.505405 0.0155229 0.156757 
0 0.215686 0.497297 0.0163399 0.113514 
3 0.0829248 0.502703 0.0351307 0.0810811 
13 0.748366 0.667568 0.119281 0.178378 
0 0.256944 0.487838 0.0122549 0.1 
0 0.234069 0.495946 0.0155229 0.110811 
3 0.0347222 0.52027 0.0285948 0.1 
0 0.187909 0.481081 0.00980392 0.0972973 
