0 0.526101 0.605405 0.0440457 0.286486 
0 0.796493 0.755405 0.0660685 0.483784 
0 0.412724 0.6 0.0391517 0.254054 
0 0.766721 0.663514 0.0554649 0.5 
2 0.858891 0.543243 0.0783034 0.124324 
0 0.488173 0.575676 0.0269168 0.237838 
2 0.934339 0.555405 0.0840131 0.116216 
0 0.267537 0.558108 0.0179445 0.181081 
0 0.305873 0.563514 0.0163132 0.17027 
2 0.441272 0.510811 0.0326264 0.0810811 
2 0.980016 0.568919 0.0399674 0.110811 
0 0.353589 0.57973 0.0187602 0.164865 
0 0.335644 0.559459 0.0187602 0.216216 
0 0.686378 0.635135 0.0497553 0.410811 
2 0.694535 0.533784 0.144372 0.191892 
0 0.344617 0.574324 0.0318108 0.175676 
1 0.0852365 0.516216 0.0269168 0.0648649 
