2 0.319646 0.52 0.0821256 0.096 
9 0.916264 0.138667 0.0499195 0.277333 
9 0.641304 0.18 0.010467 0.0933333 
9 0.324879 0.273333 0.010467 0.072 
2 0.389291 0.505333 0.0668277 0.072 
2 0.0394525 0.512 0.0756844 0.144 
9 0.376409 0.258667 0.010467 0.0693333 
9 0.86876 0.217333 0.0273752 0.141333 
2 0.480676 0.485333 0.0177134 0.0426667 
2 0.540258 0.5 0.0177134 0.0453333 
2 0.633253 0.504 0.0571659 0.0746667 
2 0.523349 0.5 0.0193237 0.0453333 
2 0.242351 0.506667 0.0499195 0.08 
2 0.530596 0.5 0.0354267 0.0506667 
7 0.633655 0.505333 0.057971 0.072 
